"""ID"""
2878
2030
3485
4047
3914
22924
3382
10457
5950
283537
5468
535
5577
26112
1646
10218
10418
1718
23149
2028
23580
225
55281
151230
728729
729163
642956
2171
728641
32
10062
9635
2173
2167
6272
4671
710
43
2798
22806
8165
95
91851
2824
220965
3053
10162
3841
5166
9674
6288
794
4128
8996
4629
79789
27242
4629
8908
1846
6576
4162
80704
2309
2310
4199
29903
2063
3108
2852
4881
8825
4199
9744
4589
6854
25840
5121
54873
8322
4162
28992
6533
64757
2928
23363
50848
5493
63924
5140
5346
2308
5733
50853
47
50486
10965
50814
9057
6964
28755
28663
6955
28517
1410
2
4524
1528
5730
27306
8897
1160
58528
1846
25802
100129500
348
1831
23151
1737
4023
3479
8839
51136
1646
689
690
2872
60598
4023
6303
5549
5140
50
57104
28959
4129
8800
84220
652919
653489
729540
285190
727851
29984
23507
54829
123
4897
43
23037
54800
80221
8659
1947
2263
2185
125
126
124
100129500
348
11075
79861
7351
2690
1805
5733
3929
54541
158471
5502
646282
563
35
3479
4938
8644
23175
1327
5579
79961
6414
4311
5194
57460
341
79071
1805
253512
8521
1737
8878
10974
7351
10876
79846
51310
1311
9057
8462
79924
8660
9935
51085
54463
341
125
126
124
79987
1116
125
126
124
2006
33
205
645619
1375
1120
1910
9144
2040
11000
3992
5209
642546
3099
8908
4826
6319
8800
338442
8843
80830
10659
64838
316
1528
2752
10580
9518
7292
10418
6535
3033
23175
10449
648603
735
57863
3697
2819
7915
55825
4881
22824
10555
6518
5733
1368
6809
6518
5320
2173
100129500
348
2819
4778
32
57082
1036
6319
51351
51110
3250
3240
57761
2180
1758
9635
4597
22802
6285
29887
5525
32
3679
3777
3903
3991
79154
8639
185
929
9635
10699
5733
440
1645
10659
9619
2034
2760
29968
137133
2185
2194
3033
79071
843
55640
9236
9635
353189
2030
10659
4958
57326
5153
2729
314
51129
9900
5447
894
2487
364
6303
1475
6445
26873
222
182
11067
27123
1805
965
7436
26577
8736
1842
1848
8424
5959
2669
205
645619
26156
182
80003
1300
948
9750
3752
3992
8908
23220
1910
1675
7373
1528
29911
6272
3861
57007
10391
4311
7108
1737
5912
11075
2878
4162
10628
79789
4938
3250
3240
83943
2952
287
653129
26095
3745
948
55652
7018
443
3992
8120
157
23743
3964
51337
22906
51703
6664
28984
114885
51752
2006
29923
4324
10840
1848
316
7855
1116
2194
6319
7018
1509
80339
83937
65084
5733
4155
54806
23175
27242
1285
10003
4162
79094
5519
2052
6720
6319
10891
5140
2057
3991
224
55365
23022
445
1031
54518
2752
1306
1645
1050
8630
1848
1645
1910
2660
5660
27063
85373
5919
1831
23151
31
2852
2263
948
59272
4337
57863
4128
5287
3763
958
5581
10628
7079
1117
54884
23531
25987
1375
1120
8544
6840
2192
3868
400578
57326
3481
723961
3630
5163
829
3479
4047
5350
64288
5360
10418
4619
1435
6303
58494
81553
4128
3033
2289
1296
6288
1528
56253
5733
5733
3479
2217
6840
83937
9370
57134
5789
11067
2180
10555
80760
10418
5105
55024
31
9653
6470
57610
25802
6710
4435
1031
51302
4256
55652
11145
2312
6037
1028
32
3679
57104
6964
28755
28663
6955
28517
